['__class__'
 '__delattr__'
 '__dir__'
 '__eq__'
 '__format__'
 '__ge__'
 '__getattribute__'
 '__gt__'
 '__hash__'
 '__init__'
 '__le__'
 '__lt__'
 '__ne__'
 '__new__'
 '__reduce__'
 '__reduce_ex__'
 '__repr__'
 '__setattr__'
 '__sizeof__'
 '__str__'
 '__subclasshook__'
 '_block'
 '_is_state'
 '_on_arc'
 '_run_command'
 '_turn'
 '_unpack_speeds_to_native_units'
 'off'
 'on'
 'on_arc_left'
 'on_arc_right'
 'on_for_degrees'
 'on_for_distance'
 'on_for_rotations'
 'on_for_seconds'
 'reset'
 'run_direct'
 'run_forever'
 'run_timed'
 'run_to_abs_pos'
 'run_to_rel_pos'
 'set_args'
 'set_polarity'
 'stop'
 'turn_left'
 'turn_right'
 'wait'
 'wait_until'
 'wait_until_not_moving'
 'wait_while']



50
50
50
50
50
49
49
49
49
49
49
49
49
49
49
49
49
49
49
49
49
50
49
49
49
48
48
47
46
45
45
43
42
41
40
38
36
30
28
26
23
21
19
17
15
14
12
11
10
9
8
7
5
4
5
5
5
7
8
10
12
14
16,
18
20
23
25
28
30
34
36
38
39
40
41
43
44
44
46
46
47
48
48
48
48
48
48
48
48
48
48
48
48
48
48
48
48
48
48
48
48
47
47
48
48
48
48
48
48
48
48
48
48
48
48
48
48
48
49
48
48
49
49
49
49
49
48
49
49
49
49
49
49
49
49
49
49
49
49
49
49
49
49
49
49
49
49
49
49
50
49
50
49
49
49
49
49
49
49
49
49
49
49
49
49
49
49
49
49
49
50
49
49
49
50
50
50
50
50
50
50
50
50
49
50
50
50
50
50
50
50
50
50
50
50
50
51
51
51
51
51
51
52
52
52
52
52
53
53
54
54
54
54
54
54
54
54
54
54
54
54
54
54
53
53
53
52
52
52
51
51
51
51
51
51
51
50
50
50
50
50
50
49
49
50
49
49
49
49
49
49
49
49
49
49
49
48
49
48
48
48
48
49
48
48
48
48
48
49
48
48
48
48
48
48
49
48
48
48
48
48
48
48
48
49
48
48
48
49
49
48
48
49
49
48
48
48
48
48
48
48
49
48
48
49
49,
49
49
49
49
49
49
49
49
49
49
49
49
49
49
49
49
49
50
50
49
49
49
49
49
49
49
49
49
49
49
49
49
49
49
49
49
49
49
49
50
49
49
50
49
49
49
50
49
49
49
49
50
50
49
49
50
50
49
49
50
50
50
49
50
50
50
50
50
50
49
49
50
49
49
50
49
50
50
50
50
50
50
50
50
50
50
50
50
50
50
50
50
50
49
50
50
50
50
50
50
50
49
49
50
50
50
50
50
50
49
50
50
49
49
50
50
50
49
50
50
49
49
49
49
49
49
49
49
49
49
49
49
49
49
49
49
49
49
49
49
49
49
49
49
48
48
49
49
49
48
49
49
48
48
48
48
48
48
48
48
48
48
48
48
49
48
48
48
49
48
48
48
48
47
47
46
46
44
43
42
41
40
38
37
35
32
30
28
25
23
21
19
18
16
15
14
13
12
10
9
9
7
7
7
7
7
6
7
7
7
8
9
10
11
12
14
15
16
20
22
25
26
28
30
32
34
36
37
38
38
39
40
42
43
44
45
46
46
47
48
48
48
48
48
48
48
48
48
48
48
48
48
48
48
48
48
48
48
48
48
47
48
48
48
48
48
48
47
48
48
48
48
48
48
48
48
47
48
48
48
48
48
48
48
48
48
49
49
48
48
48
48
49
48
49
48
49
49
49
49
49
49
49
49
49
49
49,
49
49
49
49
49
49
49
49
49
49
49
49
49
49
49
49
50
49
49
49
49
50
49
50
50
50
50
50
50
50
50
50
50
50
50
50
50
50
50
49
50
50
50
50
50
49
49
49
49
49
49
49
49
49
49
49
49
49
49
49
49
49
49
49
49
49
49
49
49
49
49
49
49
49
49
48
49
49
48
49
49
48
49
48
49
49
49
49
49
49
49
49
49
49
49
49
49
49
49
49
49
49
49
49
49
49
49
49
49
49
49
49
50
49
50
50
50
50
50
50
51
51
51
51
51
51
51
51
51
52
52
52
52
52
52
52
52
52
52
52
52
52
52
53
52
52
52
52
53
53
52
52
53
53
52
53
53
53
53
53
52
52
52
52
52
52
52
52
51
51
51
51
51
51
51
51
50
50
50
50
50
50
49
49
49
49
49
49
49
49
49
49
49
49
49
49
49
49
49
49
49
49
49
49
49
49
49
49
49
49
49
49
49
49
49
49
49
49
49
49
50
50
50
50
49
49
50
50
50
50
50
51
51
51
51
51
51
51
51
51
51
51
51,
50
50
49
48
47
46
43
42
39
36
32
28
25
23
21
19
18
13
11
9
8
7
6
5
5
5
5
6
6
7
8
10
11
12
13
15
16
19
22
24
27
30
32
35
38
40
42
43
44
45
46
47
48
48
48
49
49
50
50
50
50
50
50
50
50
50
50
50
50
50
50
50
50
50
50
50
50
50
50
50
50
49
49
49
49
49
49
49
49
49
49
49
49
49
49
49
49
49
49
49
49
49
49
49
49
49
49
49
49
49
49
49
49
49
48
49
48
48
49
49
48
48
48
49
49
49
49
49
48
49
49
49
49
48
49
49
49
49
49
49
49
49
49
49
49
49
49
49
49
49
49
49
49
49
49
49
49
49
50
49
49
49
50
50
50
50
50
49
49
50
49
50
50
49
50
50
50
50
49
49
50
50
50
50
50
50
50
49
50
49
49
49
49
49
49
49
49
49
49
49
49
49
49
49
49
49
49
50
50
49
50
50
50
50
50
50
50
50
51
51
50
50
50
51
51
51
51
51
51
51
51
51
51
51
51
51
51
51
51
51
51
51
51
51
52
52,
52
52
52
52
52
52
52
52
52
52
52
52
52
52
52
52
52
52
52
52
52
52
52
52
52
52
52
52
52
52
52
52
52
52
52
52
52
52
52
52
51
52
51
51
51
51
51
51
51
51
51
51
51
51
52
52
51
51
51
51
51
51
51
51
51
51
51
51
51
51
51
51
50
49
49
48
47
46
45
44
43
41
39
38
36
33
31
27
25
22
21
20
18
18
15
14
13
12
11
11
10
9
8
8
8
9
9
10
11
12
13
15
16
18
21
22
25
27
30
33
35
37
39,
40
42
43
43
44
45
46
47
47
48
48
49
49
49
50
50
50
50
50
49
50
50
50
50
50
50
50
50
50
50
50
49
50
49
50
49
49
50
50
49
49
49
49
49
49
49
49
48
49
48
48
48
48
48
48
48
48
48
48
48
48
48
48
48
48
48
48
48
48
48
48
48
48
48
48
48
48
48
48
48
48
48
48
48
48
48
48
48
48
48
48
48
48
48
48
48
48
48
48
48
48
48
48
48
48
48
48
48
47
48
48
48
47
47
48
48
48
48
48
47
47
48
47
48
48
47
47
48
48
48
48
48
48
48
48
48
48
48
48
48
48
48
48
48
48
48
48
48
48
48
48
48
48
48
48
48
48
48
48
48
48
48
48
48
48
48
48
48
48
48
48
48
48
48
48
48
48
48
48
48
49
48
48
48
48
48
48
48
48
48
48
48
48
48
48
48
48
48
49
49
48
48
48
48
48
48
48
49
48
48
48
48
48
48
48
48
48
48
48
48
49
48
48
48
48
48
48
48
49
48
48
48
48
49
49
49
49
49
49
49
49
49
49,
49
49
49
49
49
49
50
50
50
50
50
50
51
51
51
51
52
52
52
52
52
52
52
52
52
53
53
54
54
54
55
55
55
56
56
57
57
57
57
57
57
57
58
58
58
58
58
55
55
55
54
54
54
53
53
52
53
52
52
51
51
51
51
50
50
50
49
49
49
49
49
49
49
49
49
49
49
49
49
49
49
49
49
49
49
48
48
48
48
48
48
48
48
48
48
47
48
48
48
48
48
48
48
48
48
48
48
48
48
48
48
48
48
48
49
49
49
50
50
50
50
50
50
50
50
50
50
50
50
50
50
50
50
50
50
50
49
49
49
49
49
49
48
48
48
48
48
48
48
48
48
47
47
47
48
48
48
48
48
48
48
48
48
48
48
48
48
48
48
48
48
48
48
47
47
46
45
44
42
41